111 11111.11111111.

13144411111111171 1111111111 11, ,0111111111111044
44 Pente· 11111 1111111111, 011111111111
4 11111111 Dico 04
0111 11111111, 41 011111114 -
011111 011 Dicta apud veterulmpm 171 1
11111110 14 111111111141411111111,41 11114 0
011111111141 0 11 14 111111111111 11111111 H 111,
311111 1111111411 111111 v, 14 ei* 1111111101 1111111111 11, 44.
curet 1 1, 14 ,1
01111011 011011111111111111111111
011111 H 1,1 0111111171
0111111111, 11. 11, 41 Herculio· 01111111 01111111 11114111114111,
,1111111111 1101011041 41
0111111117 0141111111, 41 0111111141. 1144
0111111111 11, 14 11414111 11 ·
011111111111111111141 memorem 11111 01111111 popt-
011111111171. 11114 111111111114
Dicam 011111111011111Η111,11
01111411111,47 0111111τὶ1041
0111111111 111, 71. 111 1111111111 1, 11111111τί111 nomen Sylla 111, 47
77 01111111111411147
0111111111,11.1111,41 11111 0111111111, 11 14111111111111111
Dicebatur 1114 11111141174111111 xi, 11
1, 11 111111111141 011111111111111111044
Dicemus 11 11, 1 metionis 0 1,1, 11
0111141111111111 111 111141 0111111144 dict· 11111 111 11, 44
0111141111 ,1111111111 xi, 17. xv, 41 factisque 11111041 1141111117111
111115111111 m. 1111111111 ”m ¹''
0 11 gemo 11 1114111 0 11 ve· 0111111111-11, 14
1111111114111111111 014111111114.111,11,41.1141111,
01111411117 0114 4, 41. 11141144. 1114 (11 11,
0111141111,4114041,471110 14.11,41,41)4ε411111111111,44
11 14 formidolosum 111141 1141141·
0111141011 41111111111411111111111144 11·
011111111111114, 11114 111 111, 14
’0111111111 1111111111 0 11 premit Dictime 11111. xv, 41, 44
11411011 01111111111 ”2²⁰
0111111111, 14 011 0141111171
0111111111νί, 01 Dictorum 4111111111114
0111111141 (11 11, 17. iv, 17) 0 0111111111 1111111111 111114 11-
11,11,1111110141111111114. unii, 11 (11114. 111. 1111.
1111 coum 011 1111 (115 nv, ’,1141111411111111141111
11 idem 114 multum 111111 re· 41111 111111 pudet 14 41 pulchra
1141111111 11111111111111111 1111111 1111114011
1111111117 1111110111141· Dictum 11, 41, 1111 11111 ssu-
1111111111, 111 11ιῖ11 111113ἷῖ 11if2ss¹1¹2¹¹lffn¹1⁰¹¹0''¹1'⁰''⁰⁵
1111111 1111111111 0 11, 11 1111114111- moturi 1111 0 14
D ἔξω 1114814011 0 14 megum ven, 11141111111111111111,
eren n ο
01111111111141 01111141 1111114 014
Diceret 11, 14 11141 111141 culti· 0111111111 111, 14
. 11011 01111111111101,11
0111111101 0111111011
0141101 ’ 01114101 ’
01111111 041 1111144 boom- 01111111011111,71
1111111114 “ 1111111111,11.11,1 111144
0111111011 “ 014111,4.01111,41111111111111·

 

