ii mnssx

44444441 111, 14. 14, 44 “

4444444411, 44

4444444444 4444 Η 14 44

4444444444 Η444444,41444,14

44444441 Η 1444444 Η 111, 4444

44444141441444ὅ 11, 44. 41, 4. 44, 44 1114

ι4

44144444, 44 n 4, n 14

4444444 444. 111, 14. 41, 4. 44. 411, 41 ,
44Ιῖ1114, ἐξ. xv, 44 Η 111, 44 1414,

513211305213412. 4, 14 4441444,-

4

4444444411 14 14 4444 Η v, 14

4444444 1141

4444444144 11, 44

4444441414, 4

444444 0 44

4444414444 11, 44 Η 14, 44

444414 11, 44. 14, 44. 44, 44

Abolenda 14144414 44

4441444114 14, 44

44414444 44, 44 Η 14, 44

4441444411 1, 44 Η 11444 Η 4,14

4441441 44

About Η11,44 Η14, 441

4441444 Η 444

4441444444 Η 144

44414414 111, 44. 14, 44

4441144 444. 11, 44. 41, 44. xiv, 44

4441144 11444

44411444 41, 44

44411444 11, 44. 11444

44411414 xiii, 44, 41

Abolitionem 444

44411414 111, 44

44411444 414, 44

4441144444 4444

Aborigines (populi) xl, 14

4444444 H ni, 44 -

4444441 44, 44 Η 1, 44

Abripere H 111, 14

4441444444 Η 1444

1 ffissffffivffiuu v, 44

44444141 ¹¹¹· ⁴1

Abram xvi 44

Abrupta 114444 ,

4444444444 14, 44

44444144ωά44 Η 11, w

444444441444. xvi, 4

4444444444 Η 14, 44

4444444444441,Ὼ

. 4144444ρί4444

4444444414 4444

4444444444 ’44. :w
Abmputur 11444
444444444Ηί4, 44
44ηριι4,44.14,44. 4444 1411444
14411, 44444

Abruptum 14, 44
44444444 4444 ,
Abruptis 1, 44. 1444. 44, 44 Η 11, 44,

ΒΗΜΜ
Abrupta Η 1144, 44
Abruptum H 1, 44
4444444444 4444
444444444444 11, 44
Abscedent·- iii, 4. xiv, 4
44444444444 1, 44
4444444441444 1444 ·
4444441444 4 corpore 1, 4. xiii, 44 44,
4444444444 14444111, 44
4444444444 Rhodani, 44. 41444. 4444
44444414 xii, 44 · ·
4444411444 xil, 14
Amore 41144 H 14,· 44 ’
44444444τί4 Η 14, 44 ·
1144444414 vi, 41. 4111, 44. xiv, 44
44444444 41, 44. xii, 44. xv, 14
1444444444 1444. xil, 44
Α44414144444Η11444
4444141144 Η 4,4
4444144444 44411
Abscinduntur 44, 44
Abscissa H ii, 44 Η 111, 44
444444444444 H 11444
Ahmadan 4444444 xiii, 14
4444444144ςί44 4114
Absens xvi, 41 Η 11, 44
Α4Ᾰ444 4444444444, absens 4144414444,
Abante 4, 444444, osto ⁴
4444444444 ducem H 441114, 444 14
44444444 H 14, 44 0 44
44444414 1114, 44
Abantia 14, 44. 41, 44 A 44
Absentiam 141, 44, 41. 4444
44444414 41441

‘Absentiam 44441, presentibus 444·

Afflsstmim 44414444444444444
HM„

444444444444111, 44 ·
444444111444441444 “
4444444441

4444144441 xiv, 44

44441444441444
444414444444411111, 11

4444144444 44
4444144414 ,4

4444141 mm 444. 4111, 41
4444141414,44.4111, 44, 44 H 1444
4444141444 14, 14, 44

Absoluta 11414 ,
4444144444 4414,

4444144444 41, 4. 44, 41
4444144441 11414

 

