111 1111118111. 1111

81811118110 11 8111111111 11111 11, 41. :ivm
Arbitrabantur 81111111 1111111110 87
81818111111111, 81 04, 8,8, 18, 8118111111Η1,81
111111 Am 1111111,11
8181111111111111,88 81111111887 x
8181111111111181 Hm 8111111111 1111111088
Arbitrer Ο 8 81111111 xiii, 88
8181111111,48. 1111111. 111, 88 81111,11,11,88
111,48. 111, 48. 11, 8, 88) 8111111 1111111111 11, 88 81111111 riu,
8 1181111111. xiiia. 111, 18 88 111111111ὶεὶ1 11, 88 11, 88
8181111088 11111811111,88 111111111111111
8181111111111,88 1111111811118811111111111111
81811811111111118, 88 fl 11, 78. v. 11 11, 88 1111 11, 81 ordines 11 11,
8 88 1111111 1111111111,81 11111181,
8181118111111, 71 88. 11, 88) 111111111111184111-
Arborum ii, 17. 1111, 87 018 11111 11, 88 11111111111111 11 111, 47
8181111111,18 111111 1118181111 811118111111,88
8181111111111,81,88 81111111 11 ’111, 88
81118111 Reges 111, 88 8111111111 111, 18
811111 11, 81 8111111111 1111 1, 88
81111111 four 11, 88 terror 048 81111111, 18
tremum imperii, poure Principem 811111 Sarmatarum 11, 88 1111 expr-
11181 quum 1111118111111, 4 1118111 8111 alimenta 11, 48 111111 11118111
111, 47 1111118111111110 8 81111- 11 11, 88
1111111111,88 81111118 imperii 81111118111,87
Aii, 88Ι iamir 11 1,8 11111 G 18 8191811111 ol} 1141111111ὓ 11111 ὄξει
111111 11111111111 11111 -
’8111188118111111 111111111011181 gerru 11, 84 11
81111188 8111111101111111111 11, 88 18111-
8111111111 11, 81 1111, 71 11111111111811111111 1111111 111, 87
811111088 1111888 18 victorium eommunia xv, 41
81111111111,81 11111118
, 8111111111, 88. 11,84 1111188 818111 11111,7 1111111884 11·
8111811111 11, 88 1111, 88. Η1,8 8111881111 11, 88 1111111181 11,
8111811 1,44. 11, 48 11114 84 48 118111181111111111111, 17 11-
811181111111111111811111111111111- 8111111 11111 11, 48 88181118111111,
11881188 '³’ ¹⁰ Μ’ ¹⁷ 11,,18888811881888
’8111118111,11 11,8811111111,88118111111111111
8111181111 H 11, 18 11, 87 pugna H v, 18

“ 81111111 11, 87 Ardentem xiii, 17

811111 11118 111818 081 017 81811111111, 48

11111 11111118111111 111, 88,88 111- 818111111111 1111148

111111,1111111111111111,81 1 818111111111,88
81111111 xv, 18. 111, 18 Η 11, 88, 81ὦ1311ὂ11ἑ88. 1111, 88 (11888. ii,
81111118118. xum 111118 81811 1111, 78 mimorum 11 1118
81111111111,81.. 111,81,88 ,11111811 A 87 08 militum 1, 48.
8111111181. 1111,18. 111, 88 Hir, 11, 11 (11 1, 88, 88. 11, 48) 888

88 818111111,81111,88,48
811111181111, 88 81811111 111, 88 11887 88 081
8111111811888 8181111111 1,8
mem majestatum, 88 1111111 m· 81811111 111, 71

1111111188 Hui, 71 8181811111, 78. 11111, 17

- -8111111111111 1, 81 8181111111 111118111111181111,

811111111111111,88 11 arduum 11111111111111 lumer-
ΜΨ* pmffiuffi’rffubfinr‘r ‘grbffl
mr? 881ιῖ18181111848 881818118111111181111111111 11

 

