lviii · 11111

“ 6111111111,11.111,1 1111111111, 1, 11, 11. 1116 11111661 oum
66 1111, 67 661111 11,11 11116111 111, 161116111611111 1111617 Bri·
. 11 gantiam 111111,11
01111611111116161176111111111161111 0111111161 111, 1611 (166, 66,66 (111,
Η 11, 61 frumentatores aggreditur 76. 11,66, 66, 67, 66, 67, 71, 76) Α
Η11,66 17616116116111116611111, 11,16,66,66 Belgarum 1,61
66 611116116161 1111611 Η11, 67 0111111111,61.11,16,66.111,61111,
C. labeonem persequitur 1111, 76 66
1116111110611116Η1,16 Romanos 0111116611 111, 6. 11, 67 Η 1, 61 016
quadripartito 11111611Η1,66 1161- 111611111111111611
1111 transnatat Η 1, 61 1666611 Η 01111161 11, 66. 111, 66. 111,66. 11, 6.
1, 66 0111111 votum 6116111111111, 11, 66. 111, 66. 11, 66. 111, 66 (fl
01 1, s. 11, 61. 11,11,61.11,6,16,11,
0111111 H 11, 68 0 61 animi 1, 76 76) 0 1666, 66 primoribus 1, 66
6611111, 66. 111666 116161 11 111, 86 frinceps (1 16 regimen iii, 6 11111
0111111 616616. 6.6 6111611 Η 111, 16 14
11616111 nime civile dissidium 0111111111111,66.11,11. 111,66 Η 1,
111, 66 ingenium 1, 66. ” 16 78 1111676 62616 016 ’
1116111111 11, 16 civitam 66 61111111, 16. 11,(6. 1111, 8. 111, 16
6116116116 1,( 1116 1,66 civilium 511 1, 6, 61. 11, 6, 66. 111,61, 6666,
166161111111161111116116616611 6.11,76.1,6)11161661111,6
perbona arte· 1,6 in 116111). 0166611,6.11,16.111,66.111,66 Η
mm displicent regumtffi 11, 86 1,161161111161111[16116 Η 111, 66
plusquam 6111111 murem civssla 0166611 11, 66, 66. 11, 16 Η 11, 11 Η
6616 loqui Η 11,6 civilibus 611111 111, 66 Η 11, 76 166611611616
lm militibusqum (11616111 ficet Η cludet 11, 66. 111,6,116 iv, 111. 111, 66.
1666 6661111 predam 161 ver· 61,68,66 111,66 Η 111,77 Η 11,
tantur 11 1616 etim 111 mm 77
1161611 turim 11111 mm 61166161161111,616116161111Η11,61
11611 tu 11 (6161111616 Η 1, 66 mdiu, Numantina 11, 16 Ger-
6116661 accipere 111, 76 6616111116 11111161 Η 11, 16 Lotum, 11111111
611111111111,61 l, 16 Lu 1161111111,1611611111
civiliter 616616 1111116111 611616 611667 ⁸⁸⁷ .
elffifflelitt'g 1111111166 (117 61ἰ1ἱ11ῗό,11ω1ἶ,,167.)1ὶ1,416(111,
Alo 6611611111 661111111611111111, 0116111, 66. 111, 66. 1111, 67. 11, 66
u 11111, 61, 76. 11, 111,66) memori·
011111111,6 1,(
0111116111111111,61.111,61.11,16 61161111,16111,1ο,11
civita 111, 61, 66, 67. 11, 16. 166. 0111111,161111,6
16,66.1111,67.111,66 111661 Η 01111166111111,6 Η 11, 16 Η 111, 16
{matt 11 1,16 Alo 611116 clamitabat 1, 61. 11616. 11,66. 111,
(11111111φῦἕὲ gnata 6116111111 111· (11Ἀὲ611111 Ι111, 61
11111 61, 66. 1111,66 111,6,76 Η clamitando 11661
iiim 6111111111,11,16,61.11111111,
0111111 (6 6. Rom) 1161111 16 616- 66. 11, 16
dandami· Η 1,16 (1661161ρς- (211111111161 1, 61 111666 11 111, 61
116166111111611111 Η1Ι,66 11111111 0111111116 111, 66
gum 11611 16116611 11,7 1111161, 01111616111616 16 6616111161111-
t· 16111111 11 11, 6 61116161 611, 1111166611 111, 66
mmmmm& eivttntm clamitaret 11, 66. 11, 66

o 1161111 auctusque 111111 1161111 clamitat 1, 6. 111,7.111,6Ι
11111, 66 0111111116161 166. 11, 61
01111116 111,66. 11, 66. 11, 7, 67, 67 01111111611,16 “
xm, 66, 66. 111, 61 1111611 11 6111111111,,16.11,11 (Η 1, 66, 66. 11,
1⁸13, 13⁸ 11 1131τῦ 1111,1ι,11 om, {m 11,ἰ ²23⁰& 11,16,11,16 1,
1 61 -.
6111111111 111616 tw. 1116. 661111111.11,11,16,16. 1111.

 

