16666116166166111. ,661666 ¹

8611136616 6666111116. 1616. xl, 811 quoqu (etin 66116 1111 3116
6161661661 non 166111 611)61,66.
8666311116 16 86. 666, 66. 66, 88. xiii, 16, 17 ’
68. 166, 68 (6661, 76, 87 1 ,11) 8661111 1161
.86666616666,18 866661661, 66 6661686666. 1666311116

86166616661611 6616616 (i 81 ’ 6616, 86

8661616166 xv 18 6666, 67 816666 (616161)081 66666 1161661661,

8666666161 H 61,66, 88 611616 66, 8 666, 76
68 ιΙι11111116316166666,8 6616161661 816166 16, 18 66, 18. 666, 88 86611611,
inmani, 16 1666116161,18666681661.(666866.)

signifi» (866616 6616161666661 11,,86,Η,363816681ι11616111,68

6 6661

8611111 meteri, 6661116 1166,18 61611- 61661161 16616866 6661661)6, 76 66
16111 6661111661 11 · . 66168 6666 66666666 66661616166

86111666 6616611661 xv 61 1161, 66 ’

86616116 Vitellii 1611161 Hii, 66 116· 8666 666, 86 8616666616 166 666, 86
311161 ιιοιιὶιιιῖιίο ί)1111616116166 6186 161666 6666613166316136161-61616,
moritur 6 7 8

Sextilius 811616 Η 116, 6 miliniam 86666 66616166 illustrissime expi-
ductor Treveros 6661611666, 76 61616666 8866, 61 6166611 (im)

86616111 Africanus xiii, 18. 666, 66 6166161666 188 616616 6661666166,

8661. Ρ666166661166 66,8 1161666661 Ln- quo maxime 1661161661 6166611116 6,
1666661 66611161 66, 6 611 6616616· 761666666661,66 (166 Α 18 66

861ί1616ιὶε116166ῗῐ1116γ1116ῗ86316666, Pom· inu: gavia: :immunita Ι311661 16-

ρο6661,6’616666111 66116(66116666616 iiii, 18 611666. ,

8611116 6666616161 161 88 6166 666 67. 6661161116 6666661666 66, 68 1666611111
66, 46 666, 88 1661666366 66 6,16 6866166166 61116666 166166 (66116-
666. 1611166311 61. 1161661017 3111616 1616111 1166661616) 666, 88 po·
sextadecima legio 66· 16, 166 666. nitio 016 positus 6613161666 vi,
ῗὶιψ 616366 66666616666666116 81 1611616861 6666161116 16661, w..

111, 88 6166

8611111,61,66.66,16.166,16,66. 8Ιὲἳο 88 11116111 61366166666·

66, 66. 666, 18 A’ 16 6618666161· 16, 88 gemiminum, nonno
66 imbellium 88 1166116111·1111-11111116066“113116111 6136611661
661 116 88 66166616661166611186 66, 17 66366616 16116116 1611666666ῑὶ
66666616, 68. 66, 88, 86 66611111 :mii

6316116 6166666616,16 86366166 (signatione 666 6636686666· .

81(ρι1161166166)ι68’6666166111611116 666 6161666616611611111μει86
8636616666116161,166]66161,616. ωπρο116,11166161116661))016
66,8116,11116611616111161,,Ἓ661616 86 er 16366611666161 66,81 163116-
61636616666616616116116616616666166,68.666,86 6611611161 616166
6111161 imperium intercidit 616, 88 16 iiiii 6636616166 61361666 11,
⁵ emtam? ο).6ῒ61,ῃ1ιὲ)(’ἱ’3616661666) )1)116ο 812686616888 1116666666, 88 1116116
1661 1111111, 116,11 66 66666166 (pro 0 88 6636686616 xiii, 16 66311616·
61166116)6, 88 666166616666661166,86 6636666666
, διξιιξῗῗιιιπ) ἔξω 'effigie &gimo (31166666163116166)181
166666636166666 :iiiii 1ζ6866.ἶ1111161......(1
. qui 616 uenientium pertendere 1,.88 116 ,78) 16616666, 81. xiiii.
66166 666,18 1186 quisque 61116 61 xiv, 6 iiiii, 16, 88 616166 66166616
611111816611666 {iiiiiiiziiiiiiit
16 88 1116866616,86,616161111666661,
8166166166 6116116111 611616666666
66 Sibyllini 616111 1,16 ,Ἰ 16311. 6111666111 66, 18 66661 666, 11

 

