100 ’ 10000

011111 111, 11 0000000100οΗ commmunia
111, 11 Me (1010100100) 11 0,11 consummamus 1011
0000 1111, 11 00000010 00001111 consumtis 10, 11
00000110,11.0. 10001100010,11 confecisset 11,11
0001000100 ((10 0000001010, qui 00010011011
10011, 01 1100001110) 10,11 000(001110,11
condemnatur 0111, 11 00010010 11,11. vl, 11. 1111, 8. zm
00010000100010,18 110110 Η 10,81 ·
Condere, 010 00001100, 0001000101, 0001011101 belli 0000110010,11
·1·;50.{53;·„¹30'.:z,¹;.¹⁰„·3:⁶::⁶‚z.‘;: 111111...
0110 01, 17 00011110 tenebris 10001, 0001000101Ηο,11
18 0001111001 001100 1111,οο 000- 0001010000 011
11110 11001110 11110 · conferendum Η 11, 81
0001100110 00, 11 0001010011100,11
ἓ1111111111111ζῖ1. xm 8111ἓὲ111111111ῒ101100101000011
0001110010 ,1110 1110 0011100011)(1 11 conferre 000110 01, 8 10101101 Ag
0000111000 ’,11 100000110000 00, 18 1001110010
condidisset 10,11 iii, 11 tributum Η 1101 0011010
Ι000111111101,11 gradu vertutum 1111 0010101110·
00011100011000 Ηο,1 11 conferret 10, 10 000101οΗ11
00011001ρο1οϋ οοα1·01100010101,11
0001110 xiii, 11. 0011 1111111 Conferte 100110 011 11 confertam·
00011110 Η 10,11 Η 0,1 1011 00010111 010,11 ·
connium 0111 1111 1111101 (1001011011,οε
00001110 01011 AB 0011100010 11, 11
0001111000 11 ΙΙ, 11 1111 010 Confestim argueretur 1,11 11 11111
0000111000010000001111,1 00010010000010,11,11,11
eonditum 11,11. 011,11,11 mimo, 000100010οα 00, 11
11 000100ιί0010 :W
conditiones 0011110, 10111010 1111, 11 000101ιί001 1,11
’1011100 111011 . 0001011100 11, n
0000100οω110 1000101111 pacis 0001011010 01, 11
0111100011οΜ goffisgfflr’efffissrffiss. 10, 71.
0001101110,11 xlm 000001010010, 10εά1011111,
0000110011,1 11 000111, 100111 010,1 1100110011,
00104111101(300.10010.) 018 10, 0. 01, ὓο1ι11ῆο000111101701οῤ bellun 11, 11
. 0010101
comitor· 11101 &naenia 1011101, 11
Conditorem 11111 confidentia 01,11
conditores Ην, 11 gentium 0001101001 0011110111
000111001001100000101100 01,11 confideret 010,11
001100οΗ111 0010100111Ιο,11
00001101 001,1 00011001 xv, 11
00001100 111011 00011ομ00 ν,1
00000001 111, 11. 010, 11 11 11,11 H 0001030100(ον11
0011111001. 0. 0001001010 10 000111 011110811ᾒίῗᾶ 7
1101101100 10,1 000100 111011 00· 0001011110 0111101 1010110111 Gont-
0101111011,11 pro 00000100 1111. 0110 1110,11 01
10,11.011,1 salubritati 00,11 10 0001110010 011 amentium
00010100 11, 11 0011001110 01 0001100111 00, 11
0001100010 1, 11. 10, 1ο. 00,11 0001101110 1110,11
000010001001001,ι1 0001100100, 11
conduceret xi, 1. 01111 confitentem 011111
0000001000,11 000110010001
0001111100 1111 000100 xlv, 11

 

