111 00011. 11011011. clm-ix

' 101011001011111011187 1011010· 1000001 0184 001ωο101110 811010·
1101111101 11101111, 11 111111. 001111011110 01111111 1111
1111081011100111100011801000· 1001101008 1001001 011147 spem
1010001 (pro (1001101211, 80 10 ex· xv, 08
tremum 1111, 01 10 0100110 1001 100000 0111111110 11110001οο00 11104
010010111111,8 instantem, 111 10· 0110001110, 88 vocet 08
1010 pugnato Α 08 10 longum 010· 1000100011101111,18 1000101011 100-
1000018 10 longum (0011. 100ρηῖ) 010 01 1000) H ii, 80 1001011000 11·

xi, 80 10 majus H iii, 88 accipi 001101111010001101010000 provocare

1117 10 1000110 venire 11, 80 10010· Α 48 0010100110οηιο 0110010 culpe

111001 10110 0010 (140 10 0101100 010100111Η11,80 0000018 teme·

00000101οἅ110 0000011010 1111, 1110ῑο111188

87 10 mercedem 110 10001010 1011010 111, 18 Η 0,7 0100001118

(011111)10011010111,18 1010011111· 1101111111,οθ 0110110111, 8. 11018

en Α 10 10 0101111ιο 1110, 80 10 010- 01 11000111, 00 10010 11, 70 11000110

1111111111 11111111ῗὲ11.ῗὲ 111111111111111111

001 (0111011101) 1, 78 10 posterum 111, 19 templu 1111188 110000111-

(11 1, 8, 44, 87. 10, 17) 10 00010100 10010101, 81

010 10 princeps jacere 01, 40 10 1000111110 xiii, 48 1001101187 01011110 x
men· (0011. tempus) 1, 4. 11, 10 H i, 88 (opp.) 0010 0010011011,
10, 17 inpresentiarum 11,οῡ 10 41

preteritum 01, 80. 0111, 14 10 pn- 1000101010,οο 0110010 H 1, 84

0001 euzo} 01111011 10,.81 100111111- 10001001 spen 0,10 000010 0111111111

aa& mg? iffssoxnfl'nsusnzi& ss 10111111ἰο010 cupidine vindicte 0188

10 quntum 1111, 04. xiv, 47 10 1001001101Ηο,0

0001111101 0000 001 0 41 10 11010ορ 1000010100111,88.

1111111111ῗέᾞίΓὸ 1111111111 1111000 μη.

841010000110111001011010 0011110

10, 00 10 temp. (11. 0. pro tempore) 10000110 11110 10, 11

1871000100100011,18 110 00111- 1000011001 11, 77. 0,8 001110101111 ·

01001100 All 10 00001 0001111· 10 0000100010

0010 00010011, 08 10 vulgus (11. e. 1001100ιο quid 1101110 1, 48

00110)1,88, 70. 11, 08. 01, 40 (H 10001000οῑ6 88

100. 11, 80, 88. 111, 88) 10οἓ00 100010000100111111, 88 1

1144 10000110000014110001100· 10001010οι01 Nero 0111 -

00 0000 010, 87 10 consuetudine 10001000110 88

0000 088 10 10010 11 111, 18 10 10· 1000111100 1111001110 suspicioni· 1118

00010 (10001100) 0000 111, 00 11 10 10001001010100 111188

80 (000 1101111010) 110, 80 11011011 1000101000 0001110111101110, 14

00,171010011101111001111,04 1111, 10001010001110011,87 .

81 10 0101111 01001140 10 01001101 1000011101 disserere 1,4

1110110 0010101188 1110101110 11 111, 10011010 101110 xiii, 81

18 1001100010 0000 11 iii, 88 10 0011- 1000010 00 110011 0110110 H 11, 14

110 00101011011111, 77 10010001ςὶ 10001111 1, 08. xiv, 88 (H i, 81, 80. κ

H 1178 10 00000000 100010 11 1, 78 111, 88)

10 10100010 111108. 11141. 1188. 1001101101 decipitur, 001010 10010101

01140, 00 invirtutibus, 111110 00- Η 104

1001011081 100011ῐί010ῐο Voculam H 1100

1000011000 mapalium H 10, 00 1000011111 1, 74 0001110100 011, 88 -

100000000001110011101001111 100001010011110,18

1000001100010010 Α 80 10000100 Α 87 barbaros 11111, 80

100000110τῆ, 10 1000011110 11, 00. 10,1.111,10,80 H

10010 000100 0148 premium 11147 11178 0110001111,οθ 001010 0111,
numentum H i, 00 0011101 xiii, 40 hostibus iter ἑφιοᾱ 000 00010-

⁸³ 0111011011οοοω 10100000. 1110111)100000011010,4 oppri-
1801110 1001001144 0100101001000,88

 

