·ιιι colu. 1111111111, 1111111

11 (11 1111111111 111,11 ·

11111 11111(111,11.1,11)111· 111111111111111111111111111
...1111111111 11111.1,11...ο..........
Nouatum 111, 11 (1111111111,1111111111111)01111-.
111111111111, 11 1111111111111111111111111
Nummi, 11111111, 11 1 Nautius-nemu, 11

1111111111(11111111111111111)11111 Notium 01 ο1111111111111111

111111111111 111111111111111111
1111111111.. 1111111111111

11111111111111111111,11 1111111111,

11111111111111111111 1111111111 11111111111,11 11-

11111111111,1111111111111 11111111111 1111111111, 1811· .

11111111111,11 tmtignuqlffliimmtl’ninffl
1111111111111111111 11,111111111111,11 notam
Nocentes 111111 11111111 11, 11· 111 11111111, 11 11111011
Numanti 11 nou 1111111111111111111111
1111111111111 111 1111111111 1111111111111111111,111111111

1111111111111111 punctum· ’,11111

11111111111111 11111 111,11Η Novaculam, 11
Namnatius (1111111111111111111111111111

11 111111111811, 11 111111 11111111ωῇ11, 11

111, 11 Νο11111(11111111.)11111
111111111111111111111111 Nom· 1111111111, 11 ,
Nummum 111111. 1111 1111,111111111111111111111011111111111(Η1,

11,11111111(11111111)111111111111111111),

1111, 11 111111111111111111111· 111111111
1111111111111,11111μ111111111,11 Novendemm cohorte· 11, 11
111111. ¹''’⁸² ΗΜ ‘¹ 1111111113..)
111111111111111111111 111,11 111111111111111111111111
11111111111111111111 1111 1111111111, 1 11111111 111,11 1111111
Numantia 111111, 11 11 0111111111
Nom 111Ιί111 1ο 11111111111111111111. 1111 111111·
111111111111111111111 ’ 1111, 11
1111111111111111011 11111111110111. 1111)(1111, 11,
111111111111111111111(111111111)Η 11,11,11,11,11,11,11.1,11 ·

111, 11 1111111111, 11 111111111Ηί1, 11
11111111111111111 11111, 11 Novimus (1 11 011

1111111001111111111111, 11 Novissime ·1111111111 mittin . ⁴

11111111111111111111 1111111111 1111111111 111,11 111111 111
011 111 1111111111 1111 (11
111111111111111111111111,11111111111 non) )1,1. 1111 neu uffew-
111,11ω1111111111111 111)“· 11 11,1111111.··11κ11
''⁰3³¹'ffl‘¹⁰⁸‘¹“³'¹³’⁸‘¹”'¹'““' uffifflssma,s
111111111111111111 Η 11, 11 111- 1111111111111111111111111111 ape-11
,11-’.11111111 .1..·.*.1111.1.1,. .....
111111111111111 11 1111, 11111οᾶ11

1111111111 11111ηω111.ι111 111111111111111111111111111
1111111111111111111111 1111111111 111111 011 1111111111,
1111111111 1111111111 11111111 11111111 1111111111 1111111111, 11
111118 1111111111· 1111111111, 11
Notescent 11111 dv, 11 ’.μὴ Rarissimam 111111111111 11111
11111 1111 1111111111 11 111111
Νωαωκ111111111111111,1 11111111(11111111111111111)111,11
11111111(1111Η111)1111·1111111 111111111111 mmmm 111

 

