IN (101111. cicurum. ἲ

1661161111,11,61 11 r, 14
Accium iii 16. 111, (i, 11 Η 11, 1
Acelum H ir, 71
1661111 H ir, 76
166111 H ir, 71
16611111ι 11117 11 11, 16 11 111,11, 40,
46 r, 16
1661161 11,17, 14. 11,16,11. 11111
166116 11, 81
166116161110. xi 17. 111, 11. 1161
1111111111 rimer
Accitur i, 6, 111. xv, 10, 66
166116ἑ161111, 64. 11, 41. tim. xii,
11 1 11
1616111111ιί6, 7 H ii, 11 Η 111, 16
1,1
16611616 11, 8
1661111171 Η 111, 10
166111666611 11 1,11
16611111611111, 44
16616111616 1,19
16616161νί1 111, 71
1661116116
16611161 1,61
166616 11, 11, 11. ri, 17
16661166161111 111, 19 Η r, 1
ΑὲξοΙέ 1,61. 11,46.111,11 H 11, 60,
v, 11
1666111 11611111,79. 11,6 11 m
1666111 11 1, 61
166616111 61 H 111, 17
1666161611ῐί xii, 6
’ 16661161111 0 11
1666116111161616 1111
1666116611661 xi'u', 1. 111110
1666116161611111,61 011
166161666611111,11
16616166616 666111, 8
1661616616 A 10
16616666111,19
1666661111 H iii, 11
1666161116 0 8 ,
16661611161 111, 11
1666111111 01 ’
166611111111161 0 14 ,
1666116111 11, 10 ,
1666161161 111111
1666116111661 H 11, 11
1661161111117
166611616 11,11 H 11,11
“ 1666161661 11, 61
1666111161 ab universi· 1,11
1666111111 11 1, 47
16661161,17.111,101,111,11,Η111,11
Hmmmw

Α 1666161111

166611616111 11

28

16611116111,54.1,11116,61111

1661111161 111, 10

166111116 11, ul. ir, 19. 11. iil

166111161611611,4 16116 1111161611
susceptu 111, 11. ria. 11,1. arii,
11. xcii H 11,11 11 16661111-
6161 6111161611, 11 volumnio 0

Accusationem ii, 71

16661116161 11, 11 H 11, 11

Arflclurrtlor 111161 61,9. 111, 61 Hir, 16

161 r 11

16111616111116. 111, 16

Accusatore· 111111666161 veluti 11-
616111611 11, 16 ipso 1116616611-
111611 iv, 71. ri, 9, 10,10,18

16661116161 premii· illecti ie, 11
exilio 661 116116 1161611ῑί 111, 17. ri,
616

16661116111161 11,711

166111111 11, 41 67 111

’ 1661111111116 H 11,6

1661111 11, 67,11. xiii, 17

1661116 11, 87 11 111, 71

16616161 Α 11

1661611 11666111,1

166161111611 H 111, 81

1666111116 iv, 14. 111111
166111111616 116
1661611116166111 xiii, 60 Ι
Acerbitrtibur ii, 71. 11, 1. xiii, 66
Acerbum H ii, 17

16611161 1, 76

16611111 Η 1,61 Η 1111 Η ir, 70

-. Acerrimum 111176,Βό

Acerrime 1151. xime Hir, 11
Acerrimi 66111161 H 1,64 G 11 Α 11
Acerrime ii, 11. xiv, 11 11 11, 61
1661111161 xv, 61
Acerrimum 111, 111 11 111, 19, 66
1661111161111,10 H 11111611
Acerronia 111,6 .
Acerronius cn. 661161 11, 16
1661111111 11, 9
16616 6666161616 bitumen H v, 6
Accua 1166661611τί 1116611616111111
1, 76 cuditur 6161166161 11611111 1,
10 regio umoeua 111, 7 11 1, 11
161116 1616161616 1111 6161-

, 16111 rumore Ρ16166-1116111,11

:ciiruii‘iizciaiziii
Acciiz‘r: (1121611166 recu 8611111111,
80. v 101116161 61616111111

16161(ρ.,ι.6>.1,16

166611611161 ii, 71. xii, 11. 111, 11, 1616161111,Ιῦ

16161, 61. 11,6,11,11,11180. 11, 17.

 

