11101111. 11111111. ‚lxv

0011101111111118 0011111111 11188 111111 1111
0011111111, 11 0011111111111, 1. xiv 8
mmmmm 111111. 1111111101 1111
00111111111111111 41 08,11 1111111141
001111 11111111111110 fl 0111111111, 84 11111
01111111 1111111111οΜ 01111111 111, 111111
001111111111811111 &niter 111 1111, 11. 11111111,
coluimus 111111 111,1(11’1,11.1,11.111,11)
011111111148,11. 1111 00111111111111101, 18
ἕξω uitii, §8le ι11184 0111ῗ111111111111111111111 cunm
mum
colunupnercnflobu 01111111 Η “ 81 Η11, 88 01111111,
00111111111 111 ” 111114
01ὴ11111101111ι (18 00111111 1111101111, qun 11ὑ111
01115118 08 11110111111111111111, 88 11111,
001111 11111104 All 11 ’
0111111 (1111111118 0011111111111111111111, 18
01111111 G 18 ’ 0011111111 11, 18
0011111 1111188 00111111 1111, 18
01111111,1,88(11188.11,18. 1118) 00111110,11,1111111111111111111111111
011 mmmmm 111 celebr-nnn,
demflm 81101111111111111111110181φο1
01111111110111111 11111111 11110111· 101.)11111111111ι1111 11111111
1111111 111178 11, 88 (per 101.)1111·11111 11111111
011111111111111,1811111111111ῃ111 11118111111101111 ambitum?
010111) amman gffiffulktltfflgzffl 111, 88 .
011111111011, 81 001111111111101111111111, 88
00111111 11, 11. 11, 8111111111. 0011111111 11ῤο xv, 18 00111111·
11114.11,1(111,41,18.11,88,11, 1111 11, 48 reguntur 1 1111111111,
muer “3³6⁸ 3033111111 ο11111111, egmnipuhm Η 1148 Ι
1 111111111811110800111111111 11101111, 11 1111111111,
0111111,1.111111 Α 88 11 11110111 1118
001111111111 xv, 11 1111, 11 H 111, 0011111111ῑί11 xiii, 88
18 Hm Communtlum iv, 11 11118 001·
0111111111 11 111 ulaine-m 10110111111 11, 11 ¹ ·
(11,-1111111 11181. ι1,88,1οΑ9 &33:¹⁶ss είῒῗιιῃῒ 118, ⁴0⁶er
101111111111, 10 111111 .
eomitatibus v, 18. 11, 11111181. 0011111111ΰήἳῆ ww 118

1111 commentum

011111111Ηί, 11 00111111411ἆ1ῂ1.11811,18,11. 11181. ·
1 2 ·¹

comitantur 018 · xm
0111111111111 xlm 88)Α18
00111111111· ii, 88. 111, 88 11 1188 Commenta· gracogiin 11, 8. 111, 88.

1, 88, 18, 18. 1,

Ι ffifflge'ndagloriumoom 1111811111 111111 111111181 mn}
Α4011111111111111011111110111111 110111111111 111, 88 1111111111 ,
1810111111 1111111111 11011111 11111111 ”vl

00111111 1111 11118 A!

0111111111 18 001111111111 11118 Aa

0011111111 111. 1111. 11 1111111. 00111111111111 11, 18
1111,8111,18,11111111111118 001111111011111111111,88

1011111111,11.11,11111,11 Commemorat 111, 81

1111111111 11, 18. 111, 1ο -00111111110111111,8

0011111111 iii, 8. 11, 1111, ml, 18, 0011110111101111 8
111188 088 pro 0111111111111, 001111οι1111111111088
81 Communem

Waerae.m M Μ.

 

