11111111 111111111111111

1111111111111111111, 18 Ν11111111111111 111, 81 1111111111111·
Νοιιυιιι1ο1)11111111111,11 rum 018 ·
’ Nube 11111,1111111111111111,11(11111111111111111111φιο11111111111
pulveris) 11111, 1 , persolvit) 11188
1111111111, 11) 11111111111111,11
Nubes A 11 111111111111111 (111
11111111181111111, 11 11111, 78 1111111110 11
Nabim 111111111111,11 1111111111, Ν11111111111111(11111)1111,77
11 11111111111111 1111111111 ,
Nubutvirginenolo 1111111111 11111 11111)οκ
111111111111111111, 11 1111111111, 11 111111111111)111,
Nucerini 111, 17 1 1118,11
Ν11111111,11 1111111101
Ν111111111111111111(1(111111)11 1111111111, 18. 11111. 11,18. 11,18.
17 111118111101118111181
11111111 1111111111 111,11,.81 11,18,11.1,18)(118

1111111111νί, 11 1111111111 1111111Η111, 81 gliscere , ⁸

1111111111111111, 11 11,5 111111111111111) 1111
Nudarenturtergu hii, 81 “ 111,181111111111,18
111111111818 111111111111, 1 111111111101111-
11111111 1111111 111, 88 11111 xm, 18 1111111187 legionum 1111111-
, 1111111111 11111111, 71 11111111111,18
Nudam 11111111 xli, 11 transfugi· 11, 1111111111111111 11 17 gens G 18
11 Ν1111111111(111111)018
1111111111 Ν1111111111,17,81,81.111,11,11
1111111111111111111, 11 11,,411. 11111. 1111,18,18.111,
Nudent corporaxiv,³³ 18, 11. 11, 18, 71 (11111, 1, 88. iv,
Nudi ’111111 G 11 (Gemma) 1118, 81,81) 111111 (111)11111)κι,
111118 11 1111111 111111111111111111111,
Nudi· 1111111111 xv 17 111, 11 1111- 811
111111(11111111111)111,8 1111111111ἱὶ, 11, 11, 18. 111, 11. xii,
1111111111111,78 81. 1111, 8 xiv, 17, ⁴³: 111, 11 (H
111111111111111111111, 11 11, 11, 18, 87, 88, 87. 111, 1,,11 11.
Nudus xiv,³9 111118111111111, 11,17,11,18) 088 11οᾶ primo
17 1111.1”111,)1111111111111111111 111
1111111111((11111111.) (111 (11
Naum 11111111 (111 1111 polam Ν11111111111111111, 18
canu xi, 11. 111, 11 xv, 7 1111- 111111111“ 11, 81. 11, 18 1111111111
11111111111111 111111ωά1111 111, 11, 18 Ν11111111(Α111111 pop )111, 11.
18 111111 )111111111111111111,11111 11,11,11 1111· 11, 81 perculsi 111,
111111111111111111, 77 1111111111111111111111113111111Α
111111, 81 Nominum 11111 111111 Hiv,
11111411(1111111111111)Α17 1111 17 1131111111, 17 ’
(1111111111) 1111 111111111111, 11. 111, 18, 71. xvi, 11
1111111111 Numa 1131111ρΙ (11111, ³³. v ,17) Deum xiv, 11
1111.1“111111·11,ιι 1111111111 1111, 81 1111118
Nummiu- Ρ1111118111111 111111, ,11111111111111 81 111111111“·1ι,89 11-
11 1111111111
1111111111111111111, 11 ’ 1111111111 1111111111111111 81 jussa
Ν111111111,111111,81,81 08 111- 1111, 81 locans 1111111088
1111111111) Amicum 01111· Ν11111111,71.11111,171111,81111-
1111111, 11 111111111Ηὶ111 111- 11111,111111111111,11.1111111
1111111,1111,1111111111111111,881111111111
111111181111111 1111111111 (1111111111 11,’11 111111111111·· 11, 81
Nffaffltgrfix’liuss Nfflfflgbffisflfliiii', ᾖ lemma ⁰⁰
1111111111ίωί, 11 1111111111111 (113111111111111) H
1111111111101111111111011 11, 11 vincitur 1111,88 11111111
amomum& 111178 1111111111111,77

mamea.. 1111111 1.. ’

 

