' 1111111111111111. 1111111

1111 mm 111181 11111111. 11111 01111111
eu Ι1111111188 11111111111111111118111111111
ommino 1111111111111111111,111)11111-
1111111111111111111111111 11111111111111,11 numum

118 11111111187111111111 ·
(111111111111. 1111 ’ 111111111111, 11
01111111, 87. 11 81 1111111111 71 (187 111111 ΑΒ 11
011111111111111111, 78 “ 1111111111, 71 ’
Custos salutis 111, 18 11111111 G 11 »amabatur 111, 11

datu· 1111 custode· 1111 ’111- 1111111111111111111111111111,1.

1111111 1111111111 H 17 111111ωῆ111111

1111111111, 11 1111111111, 81 eir· 1111111111 11, 11

111111111111 111111111111 11 11111111111111111111111 aubin·

11,11 inditi 111, 21 tunquam 1111111- 1111111111 damna! repetundmn

11111 1111111111111111 11171.111118.111,11 11111 ub·
1111111111111,18 11111111 1111111101111 bn
1111111111 11111111, 11, 1,11 11 11, 11 1111111111111111 111111,
cyclopes interfecti 111, 11 sepultura 1111111111111,11 11111
01111117 1111. 11111 11111 111111111-
(111111 institutio 111, 11 11111 1111, 11111111. 111111111111111111111.
ογὲήι nom 102010· mmm m, ffiffiffi 11
11111111111 »mm 111 1111111111-
0111111111 11111111 111111111 1111111,81.111,11

11171 111111111111111, 18 11111. 1111111111 1111111111111 1111

11111111111,11 1111111111, 7. 111, 11. 1111. 111,
11111111111111111117 ·11 11111111 1111111111 11 i, 11
011111111111. 1111 ’ pulsique 1111
0111111111111111, 81 · Damnatis 11111. 11, 17
0111111111111111,8,1 111111111111. 1111 1111111111,
1111111111111111111111111ῥθ 81

’ 11111111111111, 11
Damnationem 111111 11, 81 1111111·
B 1111111811 frustm! 1111 lmi-
1111111 11, 11 post 1111, 18
1111111111111111111118 1111111111 11111111111111111 111111111118

11, 71 suspicionem 1117 11111111111111 111, 11
111111111111111111, 11 11111111111111,78 1111
1111111111 11111111 11, 18 111111· 'Damnatus 11111111ςί111111 1111
mmuh {fodere 111, 17 nfflalzzmivm · ι
1111111111111 1111111118 1111111111 11, 17. 11, 81. 11111 11·

11111111111181 gotio 1111111 11, 11
1

91111111111111111,11 1111111111 71.111,111111,81 11·
Daciam. m ἱ 11111131311111161111111 flagitiorum xii„
nffmnffiamsfflzlfflfi 111, ’11 Dmnnverffin 71 ²
nuci Germanorum 1111111 G 1 1111111 plns 111, 11 ·
11111. 11111111111111111111 1111 Damni· 1111111111 1, 11 1111111111
u 11111111 11111111111111111 11111 ⁸
11111 mmo 1, 11. 1111. 11111 (111,
nah-pop. 111 11111111111111111, 11,111,81,18)11111111111,1 cum
1 Arima 111111 11, 11 1 1111 1111111111811111111 111,
111111111111 inpartibus 01111111 881111111111 · ὑ
{mmm ·”2?;¹(⁰1:¹025¹‹i1?52?fu?3⁸ffi325”312“}¹2‘
1111111111111111,1111 1111111111,11,111ιῖιο
ntum 11111 Popm 11111111 17 1111111111 11111 11111111 fa·

 

