ccxii mnssx

161611116 xi, 14 1111, 6,46 1111166 66616166161611 6,6
16161111161111,45 16611616 11112 Α 16, 67 11661611
1616111161611616611111,26 111146 gladii· pff'ffl'oe tergo
1616111111,11.16,61.61,ι61111141, Ηι6,66 vanum 11,26

76 formidinem 11111, 16 ictum 1666116111 H 1,66 1666611616·

16111 6, 6 pavorem 11 11, 66 16 perium 1111166

ιςᾱιιῐιιίΗ 11,66 1111616161116,11 1611111161 exerqlttsslpinupginn 61
Ingniugnetnveox (6166116111 gravior) 1611111111, imm, 66 11 i} 66, 79. II,
116661611116116 Ι w g) 1111111101 terror ι,66 puste-
fflfflsspfffflemnffiv, 66 vnvfflrffss’mumuivsss
161616611111,6 1611661666 v, 16 66116111νὶ,61
1616116166 1666611 xiv, 22 1666166161 1, 66. 61, 66. 611, 16
1616161661 11 111, 66 (externis 16166) 1611611611116 16 terga 1111, u

16661111, 66 1616611 11, 11 16161 nonium fl 11,16
16161 1666160116 16116)111,66 Inventis 666111661111166
161611 16616166 (6616661611) 11, 42 16116166616

161661616111 xvi, 66 6666161611 1666616166 16 (66666) 1,16. 6121

111, 76 6111616 111, 66 qna inde- 1116,16 ..

66611166 Inveni inclementer 16 (66616>1116,4
11161611161666 16 661161 1116611166 populu (146

deprehensns ,66 Invenere), 66 II 1116 perniciem
16161116111111 16, 76 11161,116111,74 ·
16161666 6616666661161(66616.) (16 1666666161 1116 11166

611666666666)111, 66 161666- 1666616ώο66

66666166 166666616611161661616611661166
16116161166661,46 1616161

1611661161666111,66 16666106
166666616166. 11,6 1666611661166
16666661611111166 (II I, 62. 111, 6) 161661666666 Α 67
1616116661 6661116 II 1116 16666161 0 8
16616111 11111, 46 rempub. 111116 16666161111,16
11 ii, 11 1666161641
11, 67. xiii, 67. xv, 17 16666116161 xiv, 11 041

1666666166,16 166661116 166161 qnam 1161116 161111
lnvtnuetxvi, 16 A 7

166661111666-111161111161116161661 Invenivmnu ·
116 6666 1161111666 666166 Invenit 61, 66. 11146 11144616,
Caewem ,61 genna xii, 47 16 022, 67 1166616111 ivm 16

16116661 (11· 16,26.111,12,71.16, 11666611661111, 41
mntem 11,661666616116661 1666616161 xiv, 16 ·

, 1,62 ημ666111,46 Inventa 1111116611 (1611 perum,

Invalida 1, 16, 11116 1116666616- 6636116666

“² . 1611116111

1111116111 Ι, 66 Ignea I, 66 16166166611116111661 xl, 14

16111666 111161 Η 6,6 corporibus 16666161016

111, 61 1616616161 11161161161111,66
16611166 61, 47 163666 1661116 1,2 16666161 Α 66

1666611666 16, 27, 66 11 16, 14 Invenere 61611 (enjus, 11111 1611611
Invalidum 6166 111 6 611661111666 nonen-anre) 11, 66
111, u 6666611 H ,6 66166161, 6 161616666111,21
16616661 ni, 16 H 16, 711 1666611111, 1616161116166161161,6
46 11616161166611161116 166616161666 obsequium 1,6
166116166611111,66 ,1666611126
1611111161111 16 666661,466.Η11, Invicem xii 47. xiii 6 16. xv, 1⁴
6116666 1661611616 81116.16,66.66ζ61’,66.16,66)
1666666 n v, 16 6666666666 161616 Ao, 6661 016, 11

 

