111 comt. 11011011. 111

0110110110101011011111. adeptu· 11100, 1111. 1111. 111,
11,10,00, 00, 80, 0110 Η 100, 01, 4110110. lv, 44. 11, 0, 80. xi,
10, 11, 81 11110108 11111 80, 00 00. 111, 40. 11100. 11, 88 11110,
n v‚1 111111,11,00,11,111 uffingas
=Additfl 111111 111100 Η11,80,80 Η 11, 40 010
00011011, 41 vl. 81. 1100. 111, 00. Αο0110110100001111 11, 81
111111111101111111 1110111010
0 0
0001110 11, 14. 11, 00 H il, 00 11001111 “ 01 Η 1, 4
Additus 11, 80 00011011 0. 111100. 100110 (10 00-
000111 11, 08. 11, 14. 1100. 11100 0011011 G 40 A 80
00011111, 00. 1110. 11, 0, 80. 11, 0, ,40011000 111, 04
00. 11, 10, 01. xil, 88. xiii, 0, 01. Adeundi H 100 11110 H 11, 00
1110 111101 1111140 1100011οο 11,0
Addito 180, 01. 1100. 111, 0, 88. 1, 0. 0000110001 Η 111, 00 Η 11, 00
111101 111101 111110 111111, Adeunt 1, 80. 11, 10 (101
01 Ad 00111101 11, 00
Addita· 11, 80. 111110 Ad 10101101 111, 01 Η 11, 00
Additum xii, 01, 80, 41, 08. 111, 00. 0010100101 xiii, 00
111011111οΙ 111140 (10 00101οη00011111111,08
Additur 1, 04. 11100. 1111104. 111 ,1011011οκ010 111, 88 0310111001 1118
0111110011111111 .. 11111ἓο1 11111011 1
11001101 110101. 1110 11140 1111, Adhibentur H 11, 011) 00
1411111110 11 11101, 80 0011110011 0 81

Addm 110010οΗ1110 Adhibenda 10010010 i, 18
Αο000110100111,00 Αά111000001111,40
1100000ηο1080 0011000110,οΙ
0000010111 1, 00. 11101 00100010 xivL 00 Η 11,10
Adducunt 100001110011011100111010 0011110101 111141 11111

. 111111. regnari (148 , Adhibentur 111, 4, 01
Adducto· 11, 00 H 1,1 Α 08 Adhibet 11, 00. xii, 01. 111,0
Adductum 0010110οι111 0011101011,14
Adducta· 1, 01. :nim Adhibitun 111110

Addunt 1110 11, 01 1101101110 1,01. 11, 01. 1101 11111 .
. Αο00010111118.11,04 1111,4 1111, 10

1100010101 xv, 00 Αο110110111,141111,00
Λο0011111111,10 110111110οη11181. 11100
11311111111011111 Affli’ssfinssffia. 1110100111
23²⁸2222A¹³³÷0⁴²⁴⁷ Affiffi‘idkdfflffl’ffi
000εέ11 11, 00. 11, 1118 111110, 00 Adhuc 01011111 quidem 11 10, 00
...01. „ 011111111111.111;
01118ωέ13941.11100111110111, Afflsszssn· m
113110ιῖ1110 ’ Adfcssffi’dlm
0000111οω110 0110000010111114
0001011111 11. 1118 1110 ’00000010110
000110111100 A! A centium 111100
Ademtum 1101140 A ’0001011,10.11,80
Adam 1, 011, 80 .. Αο100010011,00.11,40
Ade 11111 04. 1100.1111,48.11101 00100101 H 11, 00Ι
10111111 < 0010001011110. 1101
0000101111111111110 , A 00101111,οθ
1100010111,00.11141111,00 Ad 0101111111,Ιο
Adummim Ὗ 0111011101. 1111111110

 

