ri · 11111

1111.. 11100. 1110 Η 11 1111, 11110. 1101. 11111. 1101111111

00 111111, 11, 01, 00 111, 10 11111111 1, 11 Actiacum benum iii,
Agxssffiigm 70. 11, 11. 1111. 1151111111 1111111 11 11, 11

xii, 00, 11, 11. 111111, 07 H 1, 01, Actione xr 11

11 1111111 1111111111, 11111111 111111
111111 1111101111.ι 11 1111 11. 111131111111111 ⁰⁸²

1111 111111111111, requirar

11 mr, 11,,11 1111111111 11111111 1,,,11

111 .. 1111111111 H 11, 01
1111111111 11111.1.11...,..
111111101ηο1111,11 ⁴ 1111 delectu 111 11111111. xv,d
1111111ῦᾴοἲ111111111,01 111ῗ1ῑ111111ἓ11 11, 10. 11111
ssss‘dffiffiflrdffdss' 1111111111 rr
1111111111 11117 11111 1101111111, 00
ffifflffl'rglo 11 · 2331? 1111211111 1, 0 dr 1111111111,
111111111111,17 77, 70. Ι117, 00. 11, 11, 10 11 1117
111111111110 111, 17 1111111111, 10 ..
1111111111 0 10 Acturo· 11, 1. 11117
ffffitgkxldffivffigiw 1111111ῃ11111ῗ60141111
Acrem xv, 00 11111, P. vitellii uxor, majestati·
Arrenii, 11 11111, 01110 Η 111 1111111111 1117
1111111, 71. r, 10. 11, 11. 111110. 111011111110
d 1113111. 111111 11 num fflaftffipffrff'slr 1111111111

, 11111111. xiv, 11 11111111 Arreti xiv, 11

(117 017 1111111110
1111111 11 0. 11110 1111111111,11.11111,11
1111111111,10.11,1,11 1111111011 xii, 11
Acriores 11111111 111111111111
1111111011111, 10 101111111111. 1171
1111111111 111 1111111111 110
1111111 111, 01. 110. 1111111111, 1111111111 xiii, 10. xv, 10
10. xri, 17· 11 11, 11 1111110 1111111111111111,11
1111111171, 01. 11110107. 1110, 1111111111111,00
10ιί110. 1110711101 111111, 1111101111 (11
11 11 11, 10 0 10 11, 17 0 11 Addebat Η 11170·
1111 1110111011 1111111111 urbi· Addrrr vl, 10. 111
diurna 1111. 1111, 11 populi Rom. 1111111111 r, 10
11111 publica 111, 11 in 1111 111111111101 111101
jurare 171. 11, 11. 111111. 11111 1111111110
· 1111111111 1110 1111110. 11111. 11111111111111111111,11
xiii, 11. 1110 11111111ι(1117, Addiderunt ir, 11, 71 H 111, 0 1 10
10. 11, 11, 70. 111, u. 11, 71. r, 10) 1011111111,17.111,10,11. 1110. 11,
Amr 11. xiv 11111111 111111
Aera gnte· ivm. 1111. 1111111. 111111 11 111 A 11
1111111111 xiv, 00. xv, 01 gratie 1111111111 H 1110 11111 A 0
, 11,71.11,01.111,0.11,10 ’111111111110 “
11111111,11.11,17.111,10 1111111111111,11
1111111,11.11111ι11,11 ¹ 1111111111 110
1111 xlii, 1110. 1111 111111111111,17
1101111110 Addidit 1, 1171. 11, 11, 10,07. 11110,
1111111111, 11 1111111 ricto· 11,11,17,01.11,1. 1111101111.

 

