ΙΝ colu. ucl'ruu. lv

111111111101111111111111 deum-nmmum·
1111, 11 111111111111 11111111 11 1111111111111111111 (3111111111
&3¹:¹an 111111 ,11117 11, 01111ᾞῖῒῖξῦἕῇᾘὲιὸηέ ΜΝ
11 11111111 11111111111111111111111 0111111111 1111111111,11
πωψὴωωηώω &¹³:2⁸0ae fflmr 11111111111111111-
ὓ111111111,11..11,11,17.111,11 1,11.11,11 111111111111 Gom
11111111 1111111111111
1111111111111 1111111111 1,11 ,11111111111111111111111111
0111111111 ¹ 1111111111 chaum 11111111 11,19
0111111111 11111111 Pom 111,1 1111· (11111111 1, 11 ab Arminio 111111
minumum 1111111 1,11,11. 11,1 1111111111
(111111111111111,φ (1111111111 11,17 suevorum 1111111
011111111811111111, 11 11, 1111111111 regem 1111111 11,11
01111111Ρ1111111,1111111111111- 11111101111111111111111 :hm 1
1111111111111,1 11111 1111 11 quibu· subiguntur (1 11 01111111
remu-»alesmum 111111 1111111111 1111111111 11, 11
ἓζῖἶῖοἶὲἷῖὶὲαιιηαωυιψ ffrfflsffiffi'ffl ¹³¹1?ss

1111111111 posuit 1,11 01111111111111111111,1101111111 Ι

011111111111,11 111 xi, 11
0111111111111,11 011111111111,11
11111111 1111111111
1
commu 111ζ11 1111111111 nm
1111111111, 11 0111111111,11
(ἓ1111111111,1011 (111111111111
0111111111 1111 (11111111,11
1111111111,11111 1111111,11111,1,1111111,11
eentum 01111111111. lv 11. 111111
cummim«) 1111111111 1111111,111111,11
(1111111111 1111111 cibun (1111111111ωο 11 1111111111
eutici 11111111, 11 111 111111 vi, 11 1111 111111 Ger·
ssuflu‚c.80nwriii‚w0.flemin 1111111111 1111111111κο11
1111111111 1111111111 (111111111111111111, 11
(111111161111181111 batallum 0111111111 1,11
0111111 Proculus 11111, 11 Cicero, 11. catonem 111111 11, 11
01111181111111111, 11 1111111111 011,11,11 111111111-
0111111111111111 1111, w 1111 11 plenior 11 1111111111 0 11
011111111111111 1111111111111111 (11111111111111111 011 1111110
1,11 ceterum 111111 11,11 111111 11 mon 011 11111011 1111111111
...1.1. 1110111111111
11,11’1111111111’11 1111111111 11· (11111111111111111011
1111111 1111111011 1111111 11, 01111111,11,11
11 1111111111. 1,11,11,1111 (11111111 111111 11,11 1111111111
&commu 111111111111111
. calumniamur! 1111111111 11 111, 11 mntem 11
ganemu 11111111111111,111111111 mill·
' 111 11 “ “ 1111
mmmmm 111,’11 pumma! mn
111111101111111110111.0111. 11,1111111111111,111111111111,11
monim, ω 1111111 1111111111,11 ¹
01111111, 11 111 11111111 11111111 611111111111, 11
·111,11,11 01111111- mmo curetum
mu 1111111111 11111111 01111111,11 (111111111115111

 

